% position storer

p_window  =[120 160 1200 600];

% axes
p_ax_fid  =[0.05 0.45 0.4 0.5];
p_ax_ft   =[0.55 0.45 0.4 0.5];

% folder and file input
p_folder  =[0.1 0.08 0.4 0.05];
p_fol_lab =[0.005 0.0725 0.08 0.05];
p_fname   =[0.1 0.015 0.2 0.05];
p_fna_lab =[0.005 0.0025 0.08 0.05];

% plot button
p_rd_data =[0.55 0.025 0.1 0.1];

% fid side menu
p_fid_xl  =[0.04 0.38 0.06 0.04];
p_fid_xl_l=[0.01 0.377 0.03 0.04];
p_fid_xl_r=[0.11 0.38 0.04 0.04];

p_fid_yl  =[0.04 0.33 0.06 0.04];
p_fid_yl_l=[0.01 0.327 0.03 0.04];
p_fid_yl_r=[0.11 0.33 0.04 0.04];

p_fid_cs  =[0.04 0.28 0.06 0.04];
p_fid_csl =[0 0.277 0.04 0.04];
p_fid_cscp=[0.11 0.28 0.04 0.04];

p_zf      =[0.10 0.23 0.06 0.04];
p_zf_lab  =[0.04 0.23 0.06 0.04];

p_filter  =[0.2 0.33 0.06 0.04];
p_ft_bd   =[0.2 0.38 0.08 0.04];

p_shold   =[0.2 0.28 0.06 0.04];
p_trim    =[0.2 0.23 0.06 0.04];

% ft side menu
p_ft_xl   =[0.54 0.38 0.08 0.04];
p_ft_xl_l =[0.51 0.377 0.03 0.04];
p_ft_xl_r =[0.63 0.38 0.04 0.04];

p_ft_yl   =[0.54 0.33 0.08 0.04];
p_ft_yl_l =[0.51 0.327 0.03 0.04];
p_ft_yl_r =[0.63 0.33 0.04 0.04];

p_ft_cs   =[0.54 0.28 0.08 0.04];
p_ft_csl  =[0.5 0.277 0.04 0.04];
p_ft_cscp =[0.63 0.28 0.04 0.04];

p_ft_sum  =[0.6 0.23 0.08 0.04];
p_ft_sum_l=[0.54 0.23 0.06 0.04];

p_snr     =[0.6 0.19 0.08 0.04];
p_snr_lab =[0.54 0.19 0.06 0.04];

p_smax    =[0.74 0.19 0.08 0.04];
p_smax_l  =[0.7 0.19 0.04 0.04];

p_fwhm    =[0.74 0.23 0.08 0.04];
p_fwhm_l  =[0.7 0.23 0.04 0.04];

p_magint = [0.84 0.16 0.08 0.04];
p_magint_l=[0.84 0.20 0.08 0.06];


p_reft_sum=[0.6 0.15 0.08 0.04];
p_reftsuml=[0.53 0.15 0.07 0.04];

p_autoph  =[0.7 0.28 0.1 0.04];
p_ph_ang  =[0.74 0.15 0.08 0.04];
p_ph_ang_l=[0.69 0.15 0.05 0.04];
p_ma_ph_l =[0.7 0.36 0.08 0.04];
p_ma_ph   =[0.7 0.33 0.08 0.04];

p_wf      =[0.3 0.38 0.06 0.04]; 
p_ws      =[0.36 0.375 0.1 0.04];